Xseq_NASA_SC2_06 = [0,2.00000000000000e-05,0.000110000000000000,0.000290000000000000,0.000540000000000000,0.000890000000000000,0.00132000000000000,0.00186000000000000,0.00250000000000000,0.00324000000000000,0.00409000000000000,0.00505000000000000,0.00612000000000000,0.00731000000000000,0.00862000000000000,0.0100400000000000,0.0115700000000000,0.0132300000000000,0.0150100000000000,0.0169200000000000,0.0189700000000000,0.0211700000000000,0.0235200000000000,0.0260300000000000,0.0287300000000000,0.0316200000000000,0.0347500000000000,0.0381300000000000,0.0418100000000000,0.0458200000000000,0.0502200000000000,0.0550200000000000,0.0602400000000000,0.0659300000000000,0.0721200000000000,0.0788200000000000,0.0860400000000000,0.0937700000000000,0.101830000000000,0.110270000000000,0.119100000000000,0.128240000000000,0.137670000000000,0.147250000000000,0.156930000000000,0.166660000000000,0.176400000000000,0.186200000000000,0.196070000000000,0.206070000000000,0.216160000000000,0.226410000000000,0.236810000000000,0.247160000000000,0.257410000000000,0.267700000000000,0.278060000000000,0.288610000000000,0.299190000000000,0.309740000000000,0.320390000000000,0.331140000000000,0.341830000000000,0.352360000000000,0.362840000000000,0.373220000000000,0.383370000000000,0.393390000000000,0.403270000000000,0.413120000000000,0.422910000000000,0.432710000000000,0.442520000000000,0.452400000000000,0.462340000000000,0.472300000000000,0.482310000000000,0.492310000000000,0.502260000000000,0.512180000000000,0.522010000000000,0.531670000000000,0.541190000000000,0.550520000000000,0.559840000000000,0.569320000000000,0.578890000000000,0.588540000000000,0.598220000000000,0.607890000000000,0.617610000000000,0.627330000000000,0.637150000000000,0.647040000000000,0.657140000000000,0.667450000000000,0.678190000000000,0.689270000000000,0.700630000000000,0.712120000000000,0.723670000000000,0.735160000000000,0.746520000000000,0.757630000000000,0.768410000000000,0.778930000000000,0.789270000000000,0.799500000000000,0.809630000000000,0.819670000000000,0.829630000000000,0.839450000000000,0.849060000000000,0.858450000000000,0.867730000000000,0.876960000000000,0.886140000000000,0.895110000000000,0.903930000000000,0.912530000000000,0.921050000000000,0.929500000000000,0.937760000000000,0.945800000000000,0.953700000000000,0.961460000000000,0.968980000000000,0.976200000000000,0.983130000000000,0.989770000000000,0.996040000000000,1+1e-8];
Ybar_NASA_SC2_06 = 2 * [0,0.000550000000000000,0.00217000000000000,0.00407000000000000,0.00496000000000000,0.00590000000000000,0.00743000000000000,0.00895000000000000,0.0101500000000000,0.0113800000000000,0.0127400000000000,0.0140700000000000,0.0153100000000000,0.0165400000000000,0.0177500000000000,0.0189300000000000,0.0200800000000000,0.0212200000000000,0.0223500000000000,0.0234600000000000,0.0245700000000000,0.0256800000000000,0.0267800000000000,0.0279000000000000,0.0290000000000000,0.0300900000000000,0.0311800000000000,0.0322400000000000,0.0333100000000000,0.0343700000000000,0.0354500000000000,0.0365800000000000,0.0377500000000000,0.0389100000000000,0.0401000000000000,0.0413000000000000,0.0424800000000000,0.0436800000000000,0.0448500000000000,0.0459400000000000,0.0470400000000000,0.0481500000000000,0.0492000000000000,0.0501900000000000,0.0510900000000000,0.0519600000000000,0.0527800000000000,0.0535300000000000,0.0542400000000000,0.0549100000000000,0.0555400000000000,0.0561200000000000,0.0566500000000000,0.0571800000000000,0.0576100000000000,0.0580300000000000,0.0584100000000000,0.0587300000000000,0.0590400000000000,0.0592700000000000,0.0594200000000000,0.0595900000000000,0.0597400000000000,0.0598400000000000,0.0598900000000000,0.0599300000000000,0.0599100000000000,0.0598700000000000,0.0598100000000000,0.0596900000000000,0.0595300000000000,0.0593300000000000,0.0591300000000000,0.0588700000000000,0.0585600000000000,0.0582100000000000,0.0577900000000000,0.0573400000000000,0.0568300000000000,0.0562800000000000,0.0557300000000000,0.0550800000000000,0.0544200000000000,0.0537600000000000,0.0529700000000000,0.0521600000000000,0.0513100000000000,0.0503600000000000,0.0493900000000000,0.0483400000000000,0.0472700000000000,0.0461700000000000,0.0450100000000000,0.0437800000000000,0.0424800000000000,0.0411000000000000,0.0396100000000000,0.0380600000000000,0.0364600000000000,0.0348000000000000,0.0331000000000000,0.0313800000000000,0.0296400000000000,0.0279200000000000,0.0262400000000000,0.0246200000000000,0.0230500000000000,0.0215300000000000,0.0200000000000000,0.0185000000000000,0.0170500000000000,0.0156700000000000,0.0143400000000000,0.0131000000000000,0.0119400000000000,0.0108500000000000,0.00980000000000000,0.00882000000000000,0.00791000000000000,0.00709000000000000,0.00639000000000000,0.00571000000000000,0.00512000000000000,0.00462000000000000,0.00420000000000000,0.00387000000000000,0.00358000000000000,0.00334000000000000,0.00317000000000000,0.00304000000000000,0.00295000000000000,0.00289000000000000];
Xseq_NACA0012 = [0.  , 0.01, 0.02, 0.03, 0.04, 0.05, 0.06, 0.07, 0.08, 0.09, 0.1 ,...
       0.11, 0.12, 0.13, 0.14, 0.15, 0.16, 0.17, 0.18, 0.19, 0.2 , 0.21,...
       0.22, 0.23, 0.24, 0.25, 0.26, 0.27, 0.28, 0.29, 0.3 , 0.31, 0.32,...
       0.33, 0.34, 0.35, 0.36, 0.37, 0.38, 0.39, 0.4 , 0.41, 0.42, 0.43,...
       0.44, 0.45, 0.46, 0.47, 0.48, 0.49, 0.5 , 0.51, 0.52, 0.53, 0.54,...
       0.55, 0.56, 0.57, 0.58, 0.59, 0.6 , 0.61, 0.62, 0.63, 0.64, 0.65,...
       0.66, 0.67, 0.68, 0.69, 0.7 , 0.71, 0.72, 0.73, 0.74, 0.75, 0.76,...
       0.77, 0.78, 0.79, 0.8 , 0.81, 0.82, 0.83, 0.84, 0.85, 0.86, 0.87,...
       0.88, 0.89, 0.9 , 0.91, 0.92, 0.93, 0.94, 0.95, 0.96, 0.97, 0.98,...
       0.99, 1.0+1e-8];
Ybar_NACA0012 = 2*[0.        , 0.01703707, 0.02359777, 0.02840145, 0.03227723,...
       0.03554686, 0.03837581, 0.04086276, 0.0430723 , 0.04504958,...
       0.0468277 , 0.04843186, 0.04988182, 0.05119344, 0.05237974,...
       0.0534516 , 0.05441821, 0.05528745, 0.05606619, 0.05676041,...
       0.05737543, 0.05791597, 0.05838628, 0.05879018, 0.05913117,...
       0.05941242, 0.05963685, 0.05980715, 0.05992581, 0.05999513,...
       0.06001727, 0.05999422, 0.05992788, 0.05982   , 0.05967225,...
       0.05948618, 0.05926328, 0.05900493, 0.05871246, 0.05838713,...
       0.05803011, 0.05764253, 0.05722548, 0.05677996, 0.05630695,...
       0.05580737, 0.05528209, 0.05473197, 0.05415779, 0.05356031,...
       0.05294025, 0.05229831, 0.05163514, 0.05095135, 0.05024754,...
       0.04952428, 0.04878208, 0.04802146, 0.0472429 , 0.04644683,...
       0.04563369, 0.04480387, 0.04395775, 0.04309568, 0.04221798,...
       0.04132496, 0.0404169 , 0.03949405, 0.03855666, 0.03760493,...
       0.03663907, 0.03565924, 0.0346656 , 0.03365829, 0.03263741,...
       0.03160306, 0.03055532, 0.02949423, 0.02841984, 0.02733215,...
       0.02623118, 0.0251169 , 0.02398927, 0.02284823, 0.02169371,...
       0.02052563, 0.01934386, 0.01814828, 0.01693876, 0.01571511,...
       0.01447717, 0.01322474, 0.01195761, 0.01067554, 0.00937829,...
       0.00806559, 0.00673717, 0.00539272, 0.00403193, 0.00265447,...
       0.00126   ];